<?xml version="1.0" encoding="UTF-8" standalone="no" ?>
<SimscapeMultibodyImportXML version="2.0" xmlns="urn:mathworks:SimscapeMultibody:import" xmlns:xsi="http://www.w3.org/2001/XMLSchema-instance">
<Created by="" on="04/22/24||13:45:53" using="Simscape Multibody Link Version 7.4" from="SolidWorks 27.5.0"/>
<ModelUnits mass="kilogram" length="millimeter"/>
<DataUnits mass="kilogram" length="meter"/>
<RootAssembly name="two_dof_v22" uid="two_dof_v22" version="455">
<AssemblyFile name="two_dof_v22.SLDASM" type="SolidWorks Assembly"/>
<InstanceTree>
<Instance name="box_top_plate_Default_sldprt.step-1" uid="box_top_plate_Default_sldprt.step-1" entityUid="box_top_plate_Default_sldprt.step*:*Default">
<Transform>
<Rotation>-0.29969474268009844 -0.37667428659287805 0.87652697792461365 0.94622009215166536 -9.9258388055198978e-16 0.32352362697103576 -0.12186303138525444 0.92634576796126533 0.35641677817107609</Rotation>
<Translation>0.018583090836071681 -0.05346968661606278 0.11580419991621287</Translation>
</Transform>
</Instance>
<Instance name="beam-1" uid="beam-1" entityUid="beam*:*Default">
<Transform>
<Rotation>0.29969474268009849 -0.87652697792461276 0.37667428659287988 -0.94622009215166525 -0.32352362697103604 1.2636608685787657e-15 0.12186303138525487 -0.35641677817107792 -0.92634576796126467</Rotation>
<Translation>0.48109365263559434 0.16775527142329164 0.26527952618908668</Translation>
</Transform>
</Instance>
<Instance name="support_plate-1" uid="support_plate-1" grounded="true" entityUid="support_plate*:*Default">
<Transform>
<Rotation>1 0 0 0 1 0 0 0 1</Rotation>
<Translation>0.21317236859755667 -0.37772699461856574 0.15628236549573948</Translation>
</Transform>
</Instance>
<Instance name="support_beam-1" uid="support_beam-1" entityUid="support_beam*:*Default">
<Transform>
<Rotation>1 0 0 0 1 0 0 0 1</Rotation>
<Translation>0.21317236859755667 -0.37772699461856574 0.15628236549573948</Translation>
</Transform>
</Instance>
<Instance name="BLDC_Motor_5010-1" uid="BLDC_Motor_5010-1" entityUid="BLDC_Motor_5010*:*Varsayilan">
<Transform>
<Rotation>0.37667428659290231 -0.29969474268009905 0.87652697792460299 9.5255416496842532e-15 0.94622009215166503 0.32352362697103659 -0.92634576796125578 -0.1218630313852551 0.35641677817110157</Rotation>
<Translation>-0.045939137468913954 -0.013560582726522644 0.050975421728627721</Translation>
</Transform>
<VisualProperties>
<Ambient r="0.77647058823529413" g="0.75686274509803919" b="0.73725490196078436" a="1"/>
<Diffuse r="0.77647058823529413" g="0.75686274509803919" b="0.73725490196078436" a="1"/>
<Specular r="0.38823529411764707" g="0.3784313725490196" b="0.36862745098039218" a="1"/>
<Emissive r="0" g="0" b="0" a="1"/>
<Shininess>0.3125</Shininess>
</VisualProperties>
</Instance>
<Instance name="BLDC_Motor_5010-2" uid="BLDC_Motor_5010-2" entityUid="BLDC_Motor_5010*:*Varsayilan">
<Transform>
<Rotation>0.29969474268006635 0.37667428659287711 0.87652697792462508 -0.94622009215167724 4.1347408920394532e-16 0.32352362697100107 0.12186303138524154 -0.926345767961266 0.35641677817107942</Rotation>
<Translation>0.47285420833438641 0.16387298789963894 0.25539813295486813</Translation>
</Transform>
<VisualProperties>
<Ambient r="0.6470588235294118" g="0.61960784313725492" b="0.58823529411764708" a="1"/>
<Diffuse r="0.6470588235294118" g="0.61960784313725492" b="0.58823529411764708" a="1"/>
<Specular r="0.45294117647058824" g="0.43372549019607842" b="0.41176470588235292" a="1"/>
<Emissive r="0" g="0" b="0" a="1"/>
<Shininess>0.3125</Shininess>
</VisualProperties>
</Instance>
<Instance name="Propeller 10x45.step-1" uid="Propeller 10x45.step-1" entityUid="Propeller 10x45.step*:*Default">
<Transform>
<Rotation>-0.3494960968460285 0.29969474268009938 -0.88771365850667217 -0.2277438531715536 -0.9462200921516648 -0.22978310327582613 -0.90883728776495809 0.12186303138525711 0.39895386443751935</Rotation>
<Translation>-0.053131811293231246 0.0091486994851194617 0.048050708975389961</Translation>
</Transform>
</Instance>
<Instance name="TOP_HINGE_V3-1" uid="TOP_HINGE_V3-1" entityUid="TOP_HINGE_V3*:*Default">
<Transform>
<Rotation>0.87652697792461487 -0.29969474268009272 -0.37667428659287966 0.3235236269710296 0.94622009215166747 -1.5412166247350548e-15 0.35641677817107864 -0.12186303138525215 0.92634576796126478</Rotation>
<Translation>0.22501031093341994 0.033597311741443828 0.16109595523545645</Translation>
</Transform>
</Instance>
<Instance name="BOTTOM_HINGE_V3-1" uid="BOTTOM_HINGE_V3-1" entityUid="BOTTOM_HINGE_V3*:*Default">
<Transform>
<Rotation>0.37667428659287799 0 0.92634576796126533 0 1 0 -0.92634576796126533 0 0.37667428659287799</Rotation>
<Translation>0.21317236859755667 0.012273005381434278 0.15628236549573954</Translation>
</Transform>
</Instance>
<Instance name="Propeller 10x45.step-2" uid="Propeller 10x45.step-2" entityUid="Propeller 10x45.step*:*Default">
<Transform>
<Rotation>-0.178703287863512 -0.37667428659287544 0.90894533208907502 0.98121604645478488 -2.4497448637719354e-15 0.19291207888476397 -0.072665019689064761 0.92634576796126633 0.36959885429183825</Rotation>
<Translation>0.48189439121261363 0.16387298789962643 0.23316583452380257</Translation>
</Transform>
</Instance>
<Instance name="box_upper_Default_sldprt.step-1" uid="box_upper_Default_sldprt.step-1" entityUid="box_upper_Default_sldprt.step*:*Default">
<Transform>
<Rotation>0.29969474268009871 -0.3766742865928781 -0.87652697792461343 -0.94622009215166525 -1.0045552977498644e-15 -0.32352362697103609 0.12186303138525456 0.92634576796126522 -0.35641677817107614</Rotation>
<Translation>0.045515302327461649 -0.053469686616059921 0.04957047750698132</Translation>
</Transform>
</Instance>
</InstanceTree>
<Constraints>
<Concentric name="Concentric1">
<ConstraintGeometry geomType="circle">
<InstancePath>
<Uid>support_beam-1</Uid>
</InstancePath>
<Position>0 0 0</Position>
<Axis>0 1 0</Axis>
</ConstraintGeometry>
<ConstraintGeometry geomType="circle">
<InstancePath>
<Uid>support_plate-1</Uid>
</InstancePath>
<Position>0 0 0</Position>
<Axis>0 1 0</Axis>
</ConstraintGeometry>
</Concentric>
<Coincident name="Coincident2">
<ConstraintGeometry geomType="plane">
<InstancePath>
<Uid>support_beam-1</Uid>
</InstancePath>
<Position>0 0 0</Position>
<Axis>0 -1 0</Axis>
</ConstraintGeometry>
<ConstraintGeometry geomType="plane">
<InstancePath>
<Uid>support_plate-1</Uid>
</InstancePath>
<Position>0 0 0</Position>
<Axis>0 -1 0</Axis>
</ConstraintGeometry>
</Coincident>
<Concentric name="Concentric4">
<ConstraintGeometry geomType="circle">
<InstancePath>
<Uid>support_beam-1</Uid>
</InstancePath>
<Position>0 0.40000000000000002 0</Position>
<Axis>0 1 0</Axis>
</ConstraintGeometry>
<ConstraintGeometry geomType="circle">
<InstancePath>
<Uid>BOTTOM_HINGE_V3-1</Uid>
</InstancePath>
<Position>0 0 0</Position>
<Axis>0 -1 0</Axis>
</ConstraintGeometry>
</Concentric>
<Coincident name="Coincident10">
<ConstraintGeometry geomType="plane">
<InstancePath>
<Uid>support_beam-1</Uid>
</InstancePath>
<Position>0 0.40000000000000002 0</Position>
<Axis>0 1 0</Axis>
</ConstraintGeometry>
<ConstraintGeometry geomType="plane">
<InstancePath>
<Uid>BOTTOM_HINGE_V3-1</Uid>
</InstancePath>
<Position>0 0.010000000000000002 0</Position>
<Axis>0 -1 0</Axis>
</ConstraintGeometry>
</Coincident>
<Concentric name="Concentric5">
<ConstraintGeometry geomType="circle">
<InstancePath>
<Uid>BOTTOM_HINGE_V3-1</Uid>
</InstancePath>
<Position>0.014999999999999999 0.058700000000000016 0</Position>
<Axis>1 0 0</Axis>
</ConstraintGeometry>
<ConstraintGeometry geomType="circle">
<InstancePath>
<Uid>TOP_HINGE_V3-1</Uid>
</InstancePath>
<Position>0 0.039500000000000007 0.0084999999999999937</Position>
<Axis>0 0 1.0000000000000002</Axis>
</ConstraintGeometry>
</Concentric>
<Distance name="Distance2">
<ConstraintGeometry geomType="plane">
<InstancePath>
<Uid>TOP_HINGE_V3-1</Uid>
</InstancePath>
<Position>0 0.0030000000000000027 -0.012499999999999997</Position>
<Axis>0 0 -1.0000000000000002</Axis>
</ConstraintGeometry>
<ConstraintGeometry geomType="plane">
<InstancePath>
<Uid>BOTTOM_HINGE_V3-1</Uid>
</InstancePath>
<Position>0.014999999999999986 0.065200000000000008 0.012500000000000011</Position>
<Axis>-1 0 0</Axis>
</ConstraintGeometry>
</Distance>
<Coincident name="Coincident15">
<ConstraintGeometry geomType="plane">
<InstancePath>
<Uid>beam-1</Uid>
</InstancePath>
<Position>0.012500000000000025 0.60999999999999999 -0.0060499999999999721</Position>
<Axis>1 0 0</Axis>
</ConstraintGeometry>
<ConstraintGeometry geomType="plane">
<InstancePath>
<Uid>TOP_HINGE_V3-1</Uid>
</InstancePath>
<Position>0.012500000000000011 0.025000000000000005 -0.0059999999999999915</Position>
<Axis>0 1.0000000000000002 -2.9143354396410359e-16</Axis>
</ConstraintGeometry>
</Coincident>
<Coincident name="Coincident16">
<ConstraintGeometry geomType="plane">
<InstancePath>
<Uid>beam-1</Uid>
</InstancePath>
<Position>-0.012499999999999987 0.60999999999999999 0.0060499999999999998</Position>
<Axis>0 0 1.0000000000000002</Axis>
</ConstraintGeometry>
<ConstraintGeometry geomType="plane">
<InstancePath>
<Uid>TOP_HINGE_V3-1</Uid>
</InstancePath>
<Position>0.012500000000000067 0.049999999999999996 -0.0059999999999999776</Position>
<Axis>1.1102230246251565e-16 2.0816681711721685e-16 1.0000000000000002</Axis>
</ConstraintGeometry>
</Coincident>
<Distance name="Distance3">
<ConstraintGeometry geomType="plane">
<InstancePath>
<Uid>beam-1</Uid>
</InstancePath>
<Position>0 0 0</Position>
<Axis>0 -1 0</Axis>
</ConstraintGeometry>
<ConstraintGeometry geomType="plane">
<InstancePath>
<Uid>TOP_HINGE_V3-1</Uid>
</InstancePath>
<Position>0.012500000000000011 0.0030000000000000096 0</Position>
<Axis>1 0 0</Axis>
</ConstraintGeometry>
</Distance>
<Coincident name="Coincident22">
<ConstraintGeometry geomType="plane">
<InstancePath>
<Uid>beam-1</Uid>
</InstancePath>
<Position>-0.012500000000000008 0.60999999999999999 -0.0060500000000000276</Position>
<Axis>-1 0 0</Axis>
</ConstraintGeometry>
<ConstraintGeometry geomType="plane">
<InstancePath>
<Uid>BLDC_Motor_5010-1</Uid>
</InstancePath>
<Position>0 0 0</Position>
<Axis>0 -1.0000000000000002 0</Axis>
</ConstraintGeometry>
</Coincident>
<Concentric name="Concentric6">
<ConstraintGeometry geomType="circle">
<InstancePath>
<Uid>beam-1</Uid>
</InstancePath>
<Position>-0.01249999999999998 0.60499999999999998 0</Position>
<Axis>-1 0 0</Axis>
</ConstraintGeometry>
<ConstraintGeometry geomType="circle">
<InstancePath>
<Uid>BLDC_Motor_5010-1</Uid>
</InstancePath>
<Position>4.7184478546569153e-16 0 -0.0080000000000000002</Position>
<Axis>0 -1.0000000000000002 0</Axis>
</ConstraintGeometry>
</Concentric>
<Concentric name="Concentric7">
<ConstraintGeometry geomType="circle">
<InstancePath>
<Uid>beam-1</Uid>
</InstancePath>
<Position>-0.01249999999999999 0.58899999999999997 0</Position>
<Axis>-1 0 0</Axis>
</ConstraintGeometry>
<ConstraintGeometry geomType="circle">
<InstancePath>
<Uid>BLDC_Motor_5010-1</Uid>
</InstancePath>
<Position>0 0 0.0080000000000000002</Position>
<Axis>0 -1.0000000000000002 0</Axis>
</ConstraintGeometry>
</Concentric>
<Concentric name="Concentric16">
<ConstraintGeometry geomType="circle">
<InstancePath>
<Uid>beam-1</Uid>
</InstancePath>
<Position>0 0.0040000000000000036 0.0060499999999999998</Position>
<Axis>0 0 1.0000000000000002</Axis>
</ConstraintGeometry>
<ConstraintGeometry geomType="circle">
<InstancePath>
<Uid>BLDC_Motor_5010-2</Uid>
</InstancePath>
<Position>0 0 0.0080000000000000071</Position>
<Axis>0 -1 1.1102230246251565e-16</Axis>
</ConstraintGeometry>
</Concentric>
<Concentric name="Concentric10">
<ConstraintGeometry geomType="circle">
<InstancePath>
<Uid>beam-1</Uid>
</InstancePath>
<Position>0 0.020000000000000018 0.0060499999999999998</Position>
<Axis>0 0 1.0000000000000002</Axis>
</ConstraintGeometry>
<ConstraintGeometry geomType="circle">
<InstancePath>
<Uid>BLDC_Motor_5010-2</Uid>
</InstancePath>
<Position>4.5449755070592346e-16 0 -0.0080000000000000071</Position>
<Axis>0 -1 1.1102230246251565e-16</Axis>
</ConstraintGeometry>
</Concentric>
<Coincident name="Coincident32">
<ConstraintGeometry geomType="plane">
<InstancePath>
<Uid>BLDC_Motor_5010-1</Uid>
</InstancePath>
<Position>0.0015000000000000152 0.018999999999999996 0</Position>
<Axis>0 1.0000000000000002 0</Axis>
</ConstraintGeometry>
<ConstraintGeometry geomType="plane">
<InstancePath>
<Uid>Propeller 10x45.step-1</Uid>
</InstancePath>
<Position>0 0.005000000000000001 0</Position>
<Axis>0 1.0000000000000002 0</Axis>
</ConstraintGeometry>
</Coincident>
<Concentric name="Concentric14">
<ConstraintGeometry geomType="circle">
<InstancePath>
<Uid>BLDC_Motor_5010-1</Uid>
</InstancePath>
<Position>0 0.021999999999999999 0</Position>
<Axis>0 -1.0000000000000002 0</Axis>
</ConstraintGeometry>
<ConstraintGeometry geomType="circle">
<InstancePath>
<Uid>Propeller 10x45.step-1</Uid>
</InstancePath>
<Position>0 -0.0049999999999999975 0</Position>
<Axis>0 1.0000000000000002 0</Axis>
</ConstraintGeometry>
</Concentric>
<Coincident name="Coincident33">
<ConstraintGeometry geomType="plane">
<InstancePath>
<Uid>BLDC_Motor_5010-2</Uid>
</InstancePath>
<Position>0.0014999999999999909 0.018999999999999989 0</Position>
<Axis>0 1 -1.1102230246251565e-16</Axis>
</ConstraintGeometry>
<ConstraintGeometry geomType="plane">
<InstancePath>
<Uid>Propeller 10x45.step-2</Uid>
</InstancePath>
<Position>0 0.0049999999999999767 1.1102230246251565e-16</Position>
<Axis>0 1 0</Axis>
</ConstraintGeometry>
</Coincident>
<Concentric name="Concentric15">
<ConstraintGeometry geomType="circle">
<InstancePath>
<Uid>BLDC_Motor_5010-2</Uid>
</InstancePath>
<Position>0 0.021999999999999992 0</Position>
<Axis>0 -1 1.1102230246251565e-16</Axis>
</ConstraintGeometry>
<ConstraintGeometry geomType="circle">
<InstancePath>
<Uid>Propeller 10x45.step-2</Uid>
</InstancePath>
<Position>0 -0.0050000000000000044 0</Position>
<Axis>0 1 0</Axis>
</ConstraintGeometry>
</Concentric>
<Angle name="LimitAngle2">
<ConstraintGeometry geomType="plane">
<InstancePath>
<Uid>TOP_HINGE_V3-1</Uid>
</InstancePath>
<Position>0.012500000000000011 0.0030000000000000096 0</Position>
<Axis>1 0 0</Axis>
</ConstraintGeometry>
<ConstraintGeometry geomType="plane">
<InstancePath>
<Uid>BOTTOM_HINGE_V3-1</Uid>
</InstancePath>
<Position>-0.025000000000000008 0.065200000000000008 0.012500000000000011</Position>
<Axis>1.6653345369377348e-16 0 1</Axis>
</ConstraintGeometry>
</Angle>
<Coincident name="Coincident42">
<ConstraintGeometry geomType="plane">
<InstancePath>
<Uid>beam-1</Uid>
</InstancePath>
<Position>-0.012499999999999987 0.60999999999999999 0.0060499999999999998</Position>
<Axis>0 0 1.0000000000000002</Axis>
</ConstraintGeometry>
<ConstraintGeometry geomType="plane">
<InstancePath>
<Uid>BLDC_Motor_5010-2</Uid>
</InstancePath>
<Position>0 0 0</Position>
<Axis>0 -1 1.1102230246251565e-16</Axis>
</ConstraintGeometry>
</Coincident>
<Coincident name="Coincident43">
<ConstraintGeometry geomType="plane">
<InstancePath>
<Uid>beam-1</Uid>
</InstancePath>
<Position>0.012500000000000025 0.60999999999999999 -0.0060499999999999721</Position>
<Axis>1 0 0</Axis>
</ConstraintGeometry>
<ConstraintGeometry geomType="plane">
<InstancePath>
<Uid>box_upper_Default_sldprt.step-1</Uid>
</InstancePath>
<Position>-0.040000000000000008 0.07149999999999998 -0.079749999999999988</Position>
<Axis>-1 0 0</Axis>
</ConstraintGeometry>
</Coincident>
<Parallel name="Parallel1">
<ConstraintGeometry geomType="plane">
<InstancePath>
<Uid>beam-1</Uid>
</InstancePath>
<Position>0 0.60999999999999999 0</Position>
<Axis>0 1 0</Axis>
</ConstraintGeometry>
<ConstraintGeometry geomType="plane">
<InstancePath>
<Uid>box_upper_Default_sldprt.step-1</Uid>
</InstancePath>
<Position>-0.040000000000000008 0.07149999999999998 -0.079749999999999988</Position>
<Axis>0 0 -1</Axis>
</ConstraintGeometry>
</Parallel>
<Distance name="Distance4">
<ConstraintGeometry geomType="plane">
<InstancePath>
<Uid>box_upper_Default_sldprt.step-1</Uid>
</InstancePath>
<Position>0 0 0</Position>
<Axis>0 -1.0000000000000002 -1.1102230246251565e-16</Axis>
</ConstraintGeometry>
<ConstraintGeometry geomType="plane">
<InstancePath>
<Uid>beam-1</Uid>
</InstancePath>
<Position>-0.012499999999999987 0.60999999999999999 0.0060499999999999998</Position>
<Axis>0 0 1.0000000000000002</Axis>
</ConstraintGeometry>
</Distance>
<Coincident name="Coincident51">
<ConstraintGeometry geomType="plane">
<InstancePath>
<Uid>beam-1</Uid>
</InstancePath>
<Position>0 0.60999999999999999 0</Position>
<Axis>0 1 0</Axis>
</ConstraintGeometry>
<ConstraintGeometry geomType="plane">
<InstancePath>
<Uid>box_upper_Default_sldprt.step-1</Uid>
</InstancePath>
<Position>-0.040000000000000008 0.071499999999999994 0.079749999999999988</Position>
<Axis>0 0 1</Axis>
</ConstraintGeometry>
</Coincident>
<Coincident name="Coincident47">
<ConstraintGeometry geomType="plane">
<InstancePath>
<Uid>box_upper_Default_sldprt.step-1</Uid>
</InstancePath>
<Position>0 0.07149999999999998 0</Position>
<Axis>0 1.0000000000000002 1.1102230246251565e-16</Axis>
</ConstraintGeometry>
<ConstraintGeometry geomType="plane">
<InstancePath>
<Uid>box_top_plate_Default_sldprt.step-1</Uid>
</InstancePath>
<Position>0 0 0</Position>
<Axis>0 -1 1.6653345369377348e-16</Axis>
</ConstraintGeometry>
</Coincident>
<Coincident name="Coincident49">
<ConstraintGeometry geomType="plane">
<InstancePath>
<Uid>box_upper_Default_sldprt.step-1</Uid>
</InstancePath>
<Position>-0.040000000000000008 0.07149999999999998 -0.079749999999999988</Position>
<Axis>-1 0 0</Axis>
</ConstraintGeometry>
<ConstraintGeometry geomType="plane">
<InstancePath>
<Uid>box_top_plate_Default_sldprt.step-1</Uid>
</InstancePath>
<Position>0.040000000000000015 0.010000000000000023 -0.079750000000000015</Position>
<Axis>1 0 -2.4980018054066022e-16</Axis>
</ConstraintGeometry>
</Coincident>
<Coincident name="Coincident50">
<ConstraintGeometry geomType="plane">
<InstancePath>
<Uid>box_upper_Default_sldprt.step-1</Uid>
</InstancePath>
<Position>-0.040000000000000008 0.071499999999999994 0.079749999999999988</Position>
<Axis>0 0 1</Axis>
</ConstraintGeometry>
<ConstraintGeometry geomType="plane">
<InstancePath>
<Uid>box_top_plate_Default_sldprt.step-1</Uid>
</InstancePath>
<Position>-0.039999999999999966 0.010000000000000023 -0.079750000000000015</Position>
<Axis>1.1102230246251565e-16 1.6653345369377348e-16 -1</Axis>
</ConstraintGeometry>
</Coincident>
</Constraints>
</RootAssembly>
<Assemblies>
</Assemblies>
<Parts>
<Part name="BLDC_Motor_5010" uid="BLDC_Motor_5010*:*Varsayilan" version="204">
<ModelUnits mass="kilogram" length="millimeter"/>
<PartFile name="BLDC_Motor_5010.SLDPRT" type="SolidWorks Part"/>
<MassProperties>
<Mass>0</Mass>
<CenterOfMass>0 0 0</CenterOfMass>
<Inertia>0 0 0 0 0 0</Inertia>
</MassProperties>
<GeometryFile name="BLDC_Motor_5010_Varsayilan_sldprt.STEP" type="STEP"/>
<VisualProperties>
<Ambient r="0.77647058823529413" g="0.75686274509803919" b="0.73725490196078436" a="1"/>
<Diffuse r="0.77647058823529413" g="0.75686274509803919" b="0.73725490196078436" a="1"/>
<Specular r="0.38823529411764707" g="0.3784313725490196" b="0.36862745098039218" a="1"/>
<Emissive r="0" g="0" b="0" a="1"/>
<Shininess>0.40000000596046448</Shininess>
</VisualProperties>
</Part>
<Part name="BOTTOM_HINGE_V3" uid="BOTTOM_HINGE_V3*:*Default" version="188">
<ModelUnits mass="kilogram" length="millimeter"/>
<PartFile name="BOTTOM_HINGE_V3.SLDPRT" type="SolidWorks Part"/>
<MassProperties>
<Mass>0.040603322560636798</Mass>
<CenterOfMass>-4.1369681839477791e-08 0.023993150594030982 4.5080250651753822e-09</CenterOfMass>
<Inertia>1.8108366364970811e-05 1.6739561071739982e-05 2.527435706988556e-05 -1.7188809805855688e-11 -8.7748071936014222e-12 5.0819822234192111e-11</Inertia>
</MassProperties>
<GeometryFile name="BOTTOM_HINGE_V3_Default_sldprt.STEP" type="STEP"/>
<VisualProperties>
<Ambient r="0.792156862745098" g="0.81960784313725488" b="0.93333333333333335" a="1"/>
<Diffuse r="0.792156862745098" g="0.81960784313725488" b="0.93333333333333335" a="1"/>
<Specular r="0.396078431372549" g="0.40980392156862744" b="0.46666666666666667" a="1"/>
<Emissive r="0" g="0" b="0" a="1"/>
<Shininess>0.40000000596046448</Shininess>
</VisualProperties>
</Part>
<Part name="Propeller 10x45.step" uid="Propeller 10x45.step*:*Default" version="121">
<ModelUnits mass="kilogram" length="millimeter"/>
<PartFile name="Propeller 10x45.step.sldprt" type="SolidWorks Part"/>
<MassProperties>
<Mass>0.010205879175682961</Mass>
<CenterOfMass>4.4155716715778772e-07 0.00052835703367403873 -4.5197807915190929e-06</CenterOfMass>
<Inertia>3.3809457587056158e-05 3.4008903006223551e-05 2.8335118641999686e-07 -7.9947484429294266e-11 -4.319169469872285e-07 -7.541393159033441e-12</Inertia>
</MassProperties>
<GeometryFile name="Propeller 10x45.step_Default_sldprt.STEP" type="STEP"/>
<VisualProperties>
<Ambient r="0.792156862745098" g="0.81960784313725488" b="0.93333333333333335" a="1"/>
<Diffuse r="0.792156862745098" g="0.81960784313725488" b="0.93333333333333335" a="1"/>
<Specular r="0.396078431372549" g="0.40980392156862744" b="0.46666666666666667" a="1"/>
<Emissive r="0" g="0" b="0" a="1"/>
<Shininess>0.40000000596046448</Shininess>
</VisualProperties>
</Part>
<Part name="TOP_HINGE_V3" uid="TOP_HINGE_V3*:*Default" version="168">
<ModelUnits mass="kilogram" length="millimeter"/>
<PartFile name="TOP_HINGE_V3.SLDPRT" type="SolidWorks Part"/>
<MassProperties>
<Mass>0.014354878428557611</Mass>
<CenterOfMass>0 0.024557203304860234 0</CenterOfMass>
<Inertia>4.072193061234672e-06 1.9882465009004045e-06 4.0973335861771987e-06 0 0 0</Inertia>
</MassProperties>
<GeometryFile name="TOP_HINGE_V3_Default_sldprt.STEP" type="STEP"/>
<VisualProperties>
<Ambient r="0.792156862745098" g="0.81960784313725488" b="0.93333333333333335" a="1"/>
<Diffuse r="0.792156862745098" g="0.81960784313725488" b="0.93333333333333335" a="1"/>
<Specular r="0.396078431372549" g="0.40980392156862744" b="0.46666666666666667" a="1"/>
<Emissive r="0" g="0" b="0" a="1"/>
<Shininess>0.40000000596046448</Shininess>
</VisualProperties>
</Part>
<Part name="beam" uid="beam*:*Default" version="154">
<ModelUnits mass="kilogram" length="millimeter"/>
<PartFile name="beam.SLDPRT" type="SolidWorks Part"/>
<MassProperties>
<Mass>0.062949265273229582</Mass>
<CenterOfMass>0 0.30493831901161145 0</CenterOfMass>
<Inertia>0.0019483408077632868 6.3757699761467073e-06 0.0019519862477437944 0 0 0</Inertia>
</MassProperties>
<GeometryFile name="beam_Default_sldprt.STEP" type="STEP"/>
<VisualProperties>
<Ambient r="0.89411764705882346" g="0.9137254901960784" b="0.92941176470588238" a="1"/>
<Diffuse r="0.89411764705882346" g="0.9137254901960784" b="0.92941176470588238" a="1"/>
<Specular r="0.44705882352941173" g="0.4568627450980392" b="0.46470588235294119" a="1"/>
<Emissive r="0" g="0" b="0" a="1"/>
<Shininess>0.3125</Shininess>
</VisualProperties>
</Part>
<Part name="box_top_plate_Default_sldprt.step" uid="box_top_plate_Default_sldprt.step*:*Default" version="119">
<ModelUnits mass="kilogram" length="millimeter"/>
<PartFile name="box_top_plate_Default_sldprt.step.sldprt" type="SolidWorks Part"/>
<MassProperties>
<Mass>0.12728474722715119</Mass>
<CenterOfMass>0 0.0049962230777018243 0</CenterOfMass>
<Inertia>0.00026989827236459206 0.00033644458785038939 6.8664802326113552e-05 0 0 0</Inertia>
</MassProperties>
<GeometryFile name="box_top_plate_Default_sldprt.step_Default_sldprt.STEP" type="STEP"/>
<VisualProperties>
<Ambient r="0.792156862745098" g="0.81960784313725488" b="0.93333333333333335" a="1"/>
<Diffuse r="0.792156862745098" g="0.81960784313725488" b="0.93333333333333335" a="1"/>
<Specular r="0.396078431372549" g="0.40980392156862744" b="0.46666666666666667" a="1"/>
<Emissive r="0" g="0" b="0" a="1"/>
<Shininess>0.40000000596046448</Shininess>
</VisualProperties>
</Part>
<Part name="box_upper_Default_sldprt.step" uid="box_upper_Default_sldprt.step*:*Default" version="119">
<ModelUnits mass="kilogram" length="millimeter"/>
<PartFile name="box_upper_Default_sldprt.step.sldprt" type="SolidWorks Part"/>
<MassProperties>
<Mass>0.15653194201767909</Mass>
<CenterOfMass>0 0.029095797236447962 0</CenterOfMass>
<Inertia>0.00059176594529494276 0.00066325091725620631 0.00023638908367769451 0 0 0</Inertia>
</MassProperties>
<GeometryFile name="box_upper_Default_sldprt.step_Default_sldprt.STEP" type="STEP"/>
<VisualProperties>
<Ambient r="0.792156862745098" g="0.81960784313725488" b="0.93333333333333335" a="1"/>
<Diffuse r="0.792156862745098" g="0.81960784313725488" b="0.93333333333333335" a="1"/>
<Specular r="0.396078431372549" g="0.40980392156862744" b="0.46666666666666667" a="1"/>
<Emissive r="0" g="0" b="0" a="1"/>
<Shininess>0.40000000596046448</Shininess>
</VisualProperties>
</Part>
<Part name="support_beam" uid="support_beam*:*Default" version="121">
<ModelUnits mass="kilogram" length="millimeter"/>
<PartFile name="support_beam.SLDPRT" type="SolidWorks Part"/>
<MassProperties>
<Mass>0.38484510006474976</Mass>
<CenterOfMass>0 0.20000000000000001 0</CenterOfMass>
<Inertia>0.005160732703837035 5.8929405947414828e-05 0.005160732703837035 0 0 0</Inertia>
</MassProperties>
<GeometryFile name="support_beam_Default_sldprt.STEP" type="STEP"/>
<VisualProperties>
<Ambient r="0.792156862745098" g="0.81960784313725488" b="0.93333333333333335" a="1"/>
<Diffuse r="0.792156862745098" g="0.81960784313725488" b="0.93333333333333335" a="1"/>
<Specular r="0.396078431372549" g="0.40980392156862744" b="0.46666666666666667" a="1"/>
<Emissive r="0" g="0" b="0" a="1"/>
<Shininess>0.40000000596046448</Shininess>
</VisualProperties>
</Part>
<Part name="support_plate" uid="support_plate*:*Default" version="121">
<ModelUnits mass="kilogram" length="millimeter"/>
<PartFile name="support_plate.SLDPRT" type="SolidWorks Part"/>
<MassProperties>
<Mass>0.60907627571472123</Mass>
<CenterOfMass>0 0.01 0</CenterOfMass>
<Inertia>0.0015896256341700352 0.0031386461832924226 0.0015896256341700356 0 0 0</Inertia>
</MassProperties>
<GeometryFile name="support_plate_Default_sldprt.STEP" type="STEP"/>
<VisualProperties>
<Ambient r="0.792156862745098" g="0.81960784313725488" b="0.93333333333333335" a="1"/>
<Diffuse r="0.792156862745098" g="0.81960784313725488" b="0.93333333333333335" a="1"/>
<Specular r="0.396078431372549" g="0.40980392156862744" b="0.46666666666666667" a="1"/>
<Emissive r="0" g="0" b="0" a="1"/>
<Shininess>0.40000000596046448</Shininess>
</VisualProperties>
</Part>
</Parts>
</SimscapeMultibodyImportXML>
